k_0=0.5 --> u = 1.0108, v = -0.1474
k_0=1 --> u = 1.001, v = -0.04559
k_0=1.5 --> u = 1.0023, v = -0.02129
k_0=2 --> u = 1.00007, v = -0.01219